#' Nordic Microbes A/S official colors
#'
#' A list of continuous and discrete color vectors created from "#609947", "#89b03c", "#c0d441", "#e8a226", "#efc42e", "#725b99", "#9b69aa"

normic_colors <- list(
  greens_gradient = c("#365628", "#578A40", "#6FAF53", "#CFE4C6"),
  yellows_gradient = c("#8A6E0B", "#D4A810", "#F2CE50", "#FAEBB8"),
  purples_gradient = c("#56365F", "#7F508D", "#B48EBF", "#DBC9E1"),
  palette = c("#609947", "#89b03c", "#c0d441", "#e8a226", "#efc42e", "#725b99", "#9b69aa"),
  greens_compl = c("#609947", "#89b03c", "#c0d441"),
  yellows_compl = c("#e8a226", "#efc42e"),
  purples_compl = c("#725b99", "#9b69aa"),
  darks_discrete = c("#609947", "#e8a226", "#725b99"),
  lights_discrete = c("#c0d441", "#efc42e", "#9b69aa")
)
